ati_mini45_with_camera_base:
  origin:
    xyz: 0 0 0
    rpy: 0 0 0
  # TODO COMPUTE
  mass: 0.15
  # TODO COMPUTE
  inertia:
    xx: 0.000070838
    yy: 0.000070838
    zz: 0.000107824
    xy: 0
    xz: 0
    yz: 0

ati_mini45_with_camera_tip:
  origin:
    xyz: 0 0 0
    rpy: 0 0 0
  # TODO COMPUTE
  mass: 0.15
  # TODO COMPUTE
  inertia:
    xx: 0.000070838
    yy: 0.000070838
    zz: 0.000107824
    xy: 0
    xz: 0
    yz: 0
